 &plot nbnd=  15, nks=   101 /
            0.000000  0.000000  0.000000
  -71.494  -37.348  -37.348  -37.348    8.477   14.372   14.372   14.372   15.433   15.433
   40.323   40.323   40.323   45.184   45.184
            0.050000  0.000000  0.000000
  -71.493  -37.351  -37.349  -37.349    8.526   14.372   14.372   14.385   15.413   15.441
   39.969   40.277   40.277   44.557   45.649
            0.100000  0.000000  0.000000
  -71.491  -37.358  -37.353  -37.353    8.672   14.372   14.372   14.423   15.352   15.465
   39.162   40.097   40.097   43.409   44.968
            0.150000  0.000000  0.000000
  -71.488  -37.370  -37.360  -37.360    8.912   14.373   14.373   14.485   15.252   15.503
   38.219   39.680   39.680   42.164   44.413
            0.200000  0.000000  0.000000
  -71.483  -37.386  -37.369  -37.369    9.241   14.381   14.381   14.571   15.116   15.556
   37.282   38.972   38.972   40.919   44.288
            0.250000  0.000000  0.000000
  -71.478  -37.405  -37.380  -37.380    9.650   14.397   14.397   14.678   14.946   15.622
   36.400   38.037   38.037   39.719   44.531
            0.300000  0.000000  0.000000
  -71.471  -37.426  -37.393  -37.393   10.125   14.428   14.428   14.745   14.803   15.706
   35.595   36.978   36.978   38.594   45.037
            0.350000  0.000000  0.000000
  -71.464  -37.447  -37.407  -37.407   10.648   14.477   14.477   14.520   14.945   15.816
   34.874   35.866   35.866   37.567   45.730
            0.400000  0.000000  0.000000
  -71.457  -37.469  -37.423  -37.423   11.188   14.276   14.549   14.549   15.099   15.973
   34.236   34.741   34.741   36.652   46.565
            0.450000  0.000000  0.000000
  -71.449  -37.489  -37.440  -37.440   11.702   14.018   14.647   14.647   15.262   16.212
   33.627   33.627   33.680   35.860   47.514
            0.500000  0.000000  0.000000
  -71.442  -37.508  -37.458  -37.458   12.135   13.755   14.772   14.772   15.431   16.580
   32.539   32.539   33.200   35.194   48.557
            0.550000  0.000000  0.000000
  -71.434  -37.525  -37.476  -37.476   12.439   13.492   14.927   14.927   15.601   17.123
   31.488   31.488   32.790   34.649   48.349
            0.600000  0.000000  0.000000
  -71.427  -37.538  -37.493  -37.493   12.600   13.237   15.108   15.108   15.768   17.856
   30.486   30.486   32.445   34.215   46.222
            0.650000  0.000000  0.000000
  -71.420  -37.550  -37.510  -37.510   12.638   12.996   15.314   15.314   15.927   18.759
   29.541   29.541   32.157   33.874   44.143
            0.700000  0.000000  0.000000
  -71.414  -37.558  -37.526  -37.526   12.591   12.774   15.539   15.539   16.075   19.800
   28.667   28.667   31.922   33.601   42.148
            0.750000  0.000000  0.000000
  -71.409  -37.564  -37.540  -37.540   12.495   12.578   15.772   15.772   16.207   20.941
   27.877   27.877   31.732   33.359   40.275
            0.800000  0.000000  0.000000
  -71.405  -37.569  -37.552  -37.552   12.380   12.411   16.002   16.002   16.321   22.145
   27.186   27.186   31.584   33.097   38.580
            0.850000  0.000000  0.000000
  -71.401  -37.572  -37.561  -37.561   12.269   12.277   16.212   16.212   16.412   23.365
   26.616   26.616   31.473   32.737   37.161
            0.900000  0.000000  0.000000
  -71.399  -37.573  -37.569  -37.569   12.179   12.179   16.383   16.383   16.480   24.521
   26.185   26.185   31.396   32.213   36.146
            0.950000  0.000000  0.000000
  -71.397  -37.574  -37.573  -37.573   12.120   12.120   16.495   16.495   16.521   25.444
   25.917   25.917   31.350   31.622   35.589
            1.000000  0.000000  0.000000
  -71.397  -37.574  -37.574  -37.574   12.100   12.100   16.535   16.535   16.535   25.825
   25.825   25.825   31.336   31.336   35.420
            0.975000  0.025000  0.000000
  -71.397  -37.575  -37.574  -37.573   12.110   12.110   16.506   16.515   16.536   25.728
   25.767   25.871   31.380   31.455   35.502
            0.950000  0.050000  0.000000
  -71.398  -37.576  -37.571  -37.569   12.140   12.141   16.424   16.456   16.540   25.459
   25.606   26.007   31.498   31.792   35.747
            0.925000  0.075000  0.000000
  -71.399  -37.579  -37.568  -37.562   12.187   12.192   16.293   16.360   16.548   25.065
   25.372   26.227   31.660   32.300   36.155
            0.900000  0.100000  0.000000
  -71.400  -37.582  -37.563  -37.553   12.251   12.263   16.120   16.231   16.557   24.591
   25.100   26.524   31.834   32.933   36.718
            0.875000  0.125000  0.000000
  -71.403  -37.587  -37.557  -37.541   12.326   12.355   15.917   16.075   16.569   24.070
   24.817   26.888   32.002   33.661   37.421
            0.850000  0.150000  0.000000
  -71.405  -37.592  -37.550  -37.528   12.409   12.467   15.691   15.901   16.584   23.524
   24.543   27.312   32.158   34.461   38.242
            0.825000  0.175000  0.000000
  -71.408  -37.597  -37.542  -37.513   12.491   12.599   15.451   15.718   16.600   22.966
   24.291   27.787   32.304   35.323   39.156
            0.800000  0.200000  0.000000
  -71.411  -37.604  -37.533  -37.497   12.565   12.752   15.205   15.540   16.617   22.404
   24.068   28.306   32.445   36.238   40.138
            0.775000  0.225000  0.000000
  -71.414  -37.610  -37.524  -37.479   12.620   12.926   14.961   15.382   16.635   21.844
   23.875   28.862   32.583   37.203   41.160
            0.750000  0.250000  0.000000
  -71.417  -37.617  -37.514  -37.462   12.646   13.119   14.722   15.258   16.654   21.291
   23.711   29.451   32.723   38.214   42.183
            0.725000  0.275000  0.000000
  -71.421  -37.623  -37.505  -37.444   12.635   13.333   14.494   15.178   16.673   20.746
   23.576   30.068   32.868   39.270   43.142
            0.700000  0.300000  0.000000
  -71.424  -37.630  -37.496  -37.426   12.586   13.565   14.282   15.147   16.691   20.213
   23.466   30.710   33.018   40.369   43.897
            0.675000  0.325000  0.000000
  -71.427  -37.636  -37.487  -37.410   12.505   13.817   14.087   15.159   16.709   19.694
   23.377   31.371   33.174   41.508   43.738
            0.650000  0.350000  0.000000
  -71.429  -37.641  -37.479  -37.395   12.405   13.914   14.086   15.203   16.725   19.190
   23.308   32.047   33.333   42.686   42.801
            0.625000  0.375000  0.000000
  -71.432  -37.646  -37.472  -37.381   12.298   13.764   14.370   15.266   16.739   18.706
   23.255   32.734   33.491   41.893   43.660
            0.600000  0.400000  0.000000
  -71.434  -37.651  -37.466  -37.369   12.195   13.638   14.667   15.334   16.752   18.246
   23.215   33.420   33.642   41.026   43.176
            0.575000  0.425000  0.000000
  -71.436  -37.654  -37.461  -37.360   12.107   13.540   14.967   15.398   16.762   17.816
   23.186   33.778   34.088   40.217   42.734
            0.550000  0.450000  0.000000
  -71.437  -37.657  -37.457  -37.353   12.040   13.468   15.257   15.449   16.769   17.435
   23.167   33.886   34.702   39.503   42.388
            0.525000  0.475000  0.000000
  -71.438  -37.658  -37.455  -37.349   11.998   13.425   15.482   15.494   16.774   17.142
   23.156   33.957   35.179   38.965   42.168
            0.500000  0.500000  0.000000
  -71.438  -37.659  -37.454  -37.347   11.984   13.411   15.493   15.595   16.775   17.022
   23.152   33.982   35.372   38.752   42.092
            0.475000  0.475000  0.000000
  -71.438  -37.657  -37.453  -37.347   11.982   13.416   15.487   15.594   16.757   16.916
   23.307   34.012   35.414   38.757   42.089
            0.450000  0.450000  0.000000
  -71.439  -37.651  -37.452  -37.347   11.976   13.433   15.468   15.589   16.629   16.704
   23.741   34.099   35.540   38.772   42.081
            0.425000  0.425000  0.000000
  -71.441  -37.642  -37.448  -37.347   11.960   13.460   15.429   15.582   16.241   16.618
   24.386   34.245   35.747   38.798   42.070
            0.400000  0.400000  0.000000
  -71.443  -37.629  -37.444  -37.347   11.925   13.497   15.347   15.572   15.847   16.503
   25.180   34.447   36.032   38.834   42.061
            0.375000  0.375000  0.000000
  -71.446  -37.614  -37.439  -37.347   11.855   13.544   15.142   15.560   15.585   16.363
   26.078   34.704   36.389   38.880   42.057
            0.350000  0.350000  0.000000
  -71.450  -37.595  -37.432  -37.347   11.733   13.599   14.837   15.476   15.547   16.202
   27.052   35.013   36.815   38.938   42.064
            0.325000  0.325000  0.000000
  -71.453  -37.575  -37.425  -37.347   11.545   13.661   14.569   15.415   15.533   16.027
   28.081   35.371   37.302   39.006   42.088
            0.300000  0.300000  0.000000
  -71.457  -37.552  -37.418  -37.347   11.289   13.728   14.384   15.367   15.519   15.843
   29.153   35.776   37.846   39.086   42.136
            0.275000  0.275000  0.000000
  -71.462  -37.529  -37.410  -37.348   10.979   13.801   14.281   15.328   15.505   15.654
   30.258   36.222   38.440   39.176   42.211
            0.250000  0.250000  0.000000
  -71.466  -37.505  -37.401  -37.348   10.636   13.875   14.242   15.296   15.466   15.492
   31.385   36.703   39.080   39.278   42.322
            0.225000  0.225000  0.000000
  -71.470  -37.480  -37.393  -37.348   10.285   13.951   14.243   15.275   15.284   15.480
   32.527   37.214   39.391   39.760   42.473
            0.200000  0.200000  0.000000
  -71.474  -37.456  -37.385  -37.348    9.942   14.025   14.266   15.110   15.265   15.470
   33.673   37.743   39.512   40.475   42.671
            0.175000  0.175000  0.000000
  -71.478  -37.434  -37.377  -37.348    9.621   14.097   14.297   14.949   15.268   15.460
   34.812   38.277   39.641   41.222   42.923
            0.150000  0.150000  0.000000
  -71.482  -37.413  -37.370  -37.348    9.330   14.163   14.325   14.803   15.285   15.453
   35.929   38.797   39.775   41.996   43.238
            0.125000  0.125000  0.000000
  -71.485  -37.394  -37.364  -37.348    9.076   14.223   14.346   14.676   15.313   15.446
   37.005   39.274   39.909   42.794   43.622
            0.100000  0.100000  0.000000
  -71.488  -37.378  -37.358  -37.348    8.864   14.275   14.360   14.569   15.346   15.441
   38.011   39.679   40.037   43.613   44.070
            0.075000  0.075000  0.000000
  -71.491  -37.365  -37.354  -37.348    8.696   14.316   14.367   14.484   15.379   15.438
   38.910   39.984   40.151   44.258   44.451
            0.050000  0.050000  0.000000
  -71.492  -37.356  -37.351  -37.348    8.575   14.347   14.371   14.422   15.408   15.435
   39.645   40.184   40.243   44.591   45.169
            0.025000  0.025000  0.000000
  -71.493  -37.350  -37.349  -37.348    8.502   14.366   14.372   14.385   15.427   15.434
   40.144   40.290   40.302   44.978   45.256
            0.000000  0.000000  0.000000
  -71.494  -37.348  -37.348  -37.348    8.477   14.372   14.372   14.372   15.433   15.433
   40.323   40.323   40.323   45.184   45.184
            0.025000  0.025000  0.025000
  -71.493  -37.351  -37.348  -37.348    8.514   14.366   14.366   14.394   15.429   15.429
   40.132   40.132   40.356   45.090   45.090
            0.050000  0.050000  0.050000
  -71.492  -37.361  -37.349  -37.349    8.623   14.346   14.346   14.459   15.416   15.416
   39.590   39.590   40.455   44.401   44.981
            0.075000  0.075000  0.075000
  -71.489  -37.376  -37.351  -37.351    8.804   14.310   14.310   14.568   15.400   15.400
   38.788   38.788   40.621   43.000   45.045
            0.100000  0.100000  0.100000
  -71.486  -37.396  -37.353  -37.353    9.053   14.258   14.258   14.718   15.385   15.385
   37.835   37.835   40.852   41.580   45.304
            0.125000  0.125000  0.125000
  -71.482  -37.421  -37.357  -37.357    9.366   14.188   14.188   14.910   15.375   15.375
   36.812   36.812   40.157   41.150   45.723
            0.150000  0.150000  0.150000
  -71.477  -37.447  -37.361  -37.361    9.736   14.102   14.102   15.143   15.374   15.374
   35.766   35.766   38.748   41.513   46.256
            0.175000  0.175000  0.175000
  -71.472  -37.475  -37.365  -37.365   10.156   14.004   14.004   15.382   15.382   15.416
   34.725   34.725   37.365   41.943   46.794
            0.200000  0.200000  0.200000
  -71.467  -37.503  -37.371  -37.371   10.615   13.899   13.899   15.398   15.398   15.730
   33.706   33.706   36.021   42.439   47.156
            0.225000  0.225000  0.225000
  -71.462  -37.529  -37.378  -37.378   11.101   13.793   13.793   15.422   15.422   16.088
   32.717   32.717   34.726   43.000   47.460
            0.250000  0.250000  0.250000
  -71.457  -37.551  -37.385  -37.385   11.597   13.691   13.691   15.450   15.450   16.495
   31.763   31.763   33.490   43.628   47.787
            0.275000  0.275000  0.275000
  -71.452  -37.570  -37.394  -37.394   12.083   13.599   13.599   15.480   15.480   16.959
   30.849   30.849   32.324   44.322   48.155
            0.300000  0.300000  0.300000
  -71.448  -37.584  -37.404  -37.404   12.536   13.521   13.521   15.510   15.510   17.490
   29.976   29.976   31.238   45.081   48.568
            0.325000  0.325000  0.325000
  -71.444  -37.592  -37.414  -37.414   12.934   13.460   13.460   15.538   15.538   18.101
   29.146   29.146   30.241   45.906   49.032
            0.350000  0.350000  0.350000
  -71.441  -37.593  -37.425  -37.425   13.257   13.417   13.417   15.563   15.563   18.801
   28.359   28.359   29.341   46.797   49.548
            0.375000  0.375000  0.375000
  -71.439  -37.589  -37.437  -37.437   13.395   13.395   13.495   15.585   15.585   19.592
   27.616   27.616   28.543   47.754   50.118
            0.400000  0.400000  0.400000
  -71.437  -37.580  -37.449  -37.449   13.392   13.392   13.644   15.601   15.601   20.473
   26.918   26.918   27.852   48.775   50.743
            0.425000  0.425000  0.425000
  -71.436  -37.565  -37.462  -37.462   13.408   13.408   13.710   15.614   15.614   21.438
   26.267   26.267   27.269   49.862   51.419
            0.450000  0.450000  0.450000
  -71.435  -37.546  -37.474  -37.474   13.441   13.441   13.703   15.621   15.621   22.473
   25.662   25.662   26.797   51.014   52.143
            0.475000  0.475000  0.475000
  -71.435  -37.524  -37.487  -37.487   13.486   13.486   13.641   15.625   15.625   23.556
   25.108   25.108   26.444   52.231   52.902
            0.500000  0.500000  0.500000
  -71.435  -37.500  -37.500  -37.500   13.540   13.540   13.540   15.626   15.626   24.605
   24.605   24.605   26.277   53.513   53.513
            0.475000  0.475000  0.525000
  -71.435  -37.512  -37.512  -37.475   13.420   13.597   13.597   15.626   15.626   24.157
   24.157   25.251   26.648   52.072   52.072
            0.450000  0.450000  0.550000
  -71.435  -37.523  -37.523  -37.452   13.300   13.651   13.651   15.626   15.626   23.769
   23.769   25.316   27.719   50.498   50.498
            0.425000  0.425000  0.575000
  -71.434  -37.533  -37.533  -37.430   13.194   13.694   13.694   15.628   15.628   23.443
   23.443   25.248   29.029   48.924   48.924
            0.400000  0.400000  0.600000
  -71.434  -37.543  -37.543  -37.412   13.118   13.719   13.719   15.637   15.637   23.185
   23.185   25.178   30.432   47.376   47.376
            0.375000  0.375000  0.625000
  -71.433  -37.551  -37.551  -37.398   13.082   13.718   13.718   15.654   15.654   22.996
   22.996   25.128   31.897   45.865   45.865
            0.350000  0.350000  0.650000
  -71.432  -37.558  -37.558  -37.390   13.095   13.686   13.686   15.683   15.683   22.880
   22.880   25.100   33.407   44.400   44.400
            0.325000  0.325000  0.675000
  -71.430  -37.564  -37.564  -37.387   13.162   13.620   13.620   15.726   15.726   22.836
   22.836   25.093   34.947   42.986   42.986
            0.300000  0.300000  0.700000
  -71.428  -37.569  -37.569  -37.390   13.286   13.522   13.522   15.781   15.781   22.863
   22.863   25.104   36.498   41.625   41.625
            0.275000  0.275000  0.725000
  -71.426  -37.573  -37.573  -37.398   13.396   13.396   13.468   15.849   15.849   22.956
   22.956   25.132   38.016   40.321   40.321
            0.250000  0.250000  0.750000
  -71.423  -37.576  -37.576  -37.411   13.249   13.249   13.705   15.926   15.926   23.110
   23.110   25.174   39.075   39.075   39.400
            0.225000  0.225000  0.775000
  -71.419  -37.577  -37.577  -37.428   13.088   13.088   13.992   16.009   16.009   23.320
   23.320   25.228   37.890   37.890   40.382
            0.200000  0.200000  0.800000
  -71.416  -37.578  -37.578  -37.448   12.921   12.921   14.321   16.095   16.095   23.578
   23.578   25.294   36.769   36.769   40.532
            0.175000  0.175000  0.825000
  -71.412  -37.578  -37.578  -37.470   12.756   12.756   14.680   16.181   16.181   23.876
   23.876   25.368   35.716   35.716   39.923
            0.150000  0.150000  0.850000
  -71.409  -37.578  -37.578  -37.492   12.599   12.599   15.055   16.263   16.263   24.206
   24.206   25.449   34.736   34.736   39.019
            0.125000  0.125000  0.875000
  -71.405  -37.577  -37.577  -37.514   12.457   12.457   15.429   16.339   16.339   24.557
   24.557   25.534   33.839   33.839   38.076
            0.100000  0.100000  0.900000
  -71.402  -37.576  -37.576  -37.534   12.333   12.333   15.781   16.406   16.406   24.913
   24.913   25.619   33.037   33.037   37.204
            0.075000  0.075000  0.925000
  -71.400  -37.576  -37.576  -37.551   12.234   12.234   16.088   16.460   16.460   25.254
   25.254   25.699   32.351   32.351   36.463
            0.050000  0.050000  0.950000
  -71.398  -37.575  -37.575  -37.564   12.160   12.160   16.328   16.501   16.501   25.547
   25.547   25.765   31.811   31.811   35.897
            0.025000  0.025000  0.975000
  -71.397  -37.575  -37.575  -37.572   12.115   12.115   16.482   16.526   16.526   25.751
   25.751   25.809   31.459   31.459   35.542
            0.000000  0.000000  1.000000
  -71.397  -37.574  -37.574  -37.574   12.100   12.100   16.535   16.535   16.535   25.825
   25.825   25.825   31.336   31.336   35.420
