 &plot nbnd=  15, nks=   101 /
            0.000000  0.000000  0.000000
  -68.727  -34.631  -34.631  -34.631    8.613   16.391   16.391   16.391   18.301   18.301
   40.042   40.042   40.042   45.367   45.367
            0.050000  0.000000  0.000000
  -68.726  -34.634  -34.633  -34.633    8.663   16.389   16.389   16.405   18.274   18.312
   39.740   40.021   40.021   44.864   45.789
            0.100000  0.000000  0.000000
  -68.724  -34.643  -34.637  -34.637    8.810   16.382   16.382   16.448   18.192   18.342
   39.028   39.926   39.926   43.806   45.784
            0.150000  0.000000  0.000000
  -68.720  -34.656  -34.644  -34.644    9.052   16.375   16.375   16.518   18.058   18.391
   38.180   39.672   39.672   42.588   45.106
            0.200000  0.000000  0.000000
  -68.715  -34.674  -34.654  -34.654    9.385   16.371   16.371   16.614   17.874   18.454
   37.333   39.168   39.168   41.344   44.817
            0.250000  0.000000  0.000000
  -68.709  -34.695  -34.666  -34.666    9.802   16.376   16.376   16.734   17.646   18.527
   36.542   38.410   38.410   40.135   44.924
            0.300000  0.000000  0.000000
  -68.702  -34.719  -34.681  -34.681   10.295   16.395   16.395   16.875   17.379   18.606
   35.828   37.471   37.471   39.000   45.349
            0.350000  0.000000  0.000000
  -68.694  -34.743  -34.697  -34.697   10.851   16.435   16.435   17.034   17.081   18.691
   35.199   36.433   36.433   37.966   46.005
            0.400000  0.000000  0.000000
  -68.686  -34.768  -34.715  -34.715   11.452   16.500   16.500   16.760   17.209   18.786
   34.654   35.351   35.351   37.054   46.831
            0.450000  0.000000  0.000000
  -68.678  -34.790  -34.734  -34.734   12.073   16.424   16.595   16.595   17.393   18.904
   34.189   34.259   34.259   36.277   47.788
            0.500000  0.000000  0.000000
  -68.669  -34.811  -34.753  -34.753   12.680   16.083   16.724   16.724   17.584   19.071
   33.176   33.176   33.797   35.640   48.849
            0.550000  0.000000  0.000000
  -68.661  -34.830  -34.773  -34.773   13.228   15.746   16.889   16.889   17.777   19.328
   32.118   32.118   33.471   35.137   49.047
            0.600000  0.000000  0.000000
  -68.653  -34.845  -34.792  -34.792   13.670   15.422   17.088   17.088   17.967   19.723
   31.096   31.096   33.203   34.757   46.950
            0.650000  0.000000  0.000000
  -68.646  -34.857  -34.811  -34.811   13.974   15.118   17.320   17.320   18.148   20.293
   30.123   30.123   32.985   34.476   44.905
            0.700000  0.000000  0.000000
  -68.640  -34.866  -34.828  -34.828   14.139   14.840   17.580   17.580   18.316   21.042
   29.209   29.209   32.811   34.264   42.952
            0.750000  0.000000  0.000000
  -68.634  -34.873  -34.844  -34.844   14.192   14.596   17.859   17.859   18.468   21.945
   28.369   28.369   32.674   34.080   41.132
            0.800000  0.000000  0.000000
  -68.629  -34.877  -34.857  -34.857   14.174   14.390   18.142   18.142   18.598   22.955
   27.621   27.621   32.569   33.870   39.503
            0.850000  0.000000  0.000000
  -68.625  -34.880  -34.868  -34.868   14.122   14.225   18.409   18.409   18.703   24.005
   26.989   26.989   32.492   33.563   38.159
            0.900000  0.000000  0.000000
  -68.622  -34.882  -34.876  -34.876   14.066   14.106   18.635   18.635   18.780   25.000
   26.501   26.501   32.439   33.112   37.209
            0.950000  0.000000  0.000000
  -68.621  -34.882  -34.881  -34.881   14.024   14.033   18.788   18.788   18.827   25.775
   26.190   26.190   32.408   32.624   36.687
            1.000000  0.000000  0.000000
  -68.620  -34.883  -34.883  -34.883   14.009   14.009   18.843   18.843   18.843   26.083
   26.083   26.083   32.398   32.398   36.528
            0.975000  0.025000  0.000000
  -68.620  -34.883  -34.882  -34.881   14.018   14.020   18.806   18.815   18.845   26.013
   26.046   26.137   32.432   32.491   36.606
            0.950000  0.050000  0.000000
  -68.621  -34.885  -34.879  -34.877   14.044   14.052   18.698   18.734   18.850   25.814
   25.944   26.295   32.523   32.759   36.838
            0.925000  0.075000  0.000000
  -68.623  -34.888  -34.875  -34.869   14.088   14.104   18.530   18.603   18.858   25.512
   25.795   26.548   32.649   33.178   37.225
            0.900000  0.100000  0.000000
  -68.625  -34.892  -34.870  -34.859   14.150   14.171   18.313   18.430   18.869   25.136
   25.622   26.882   32.785   33.717   37.762
            0.875000  0.125000  0.000000
  -68.627  -34.897  -34.863  -34.846   14.230   14.249   18.063   18.227   18.883   24.711
   25.446   27.286   32.915   34.354   38.437
            0.850000  0.150000  0.000000
  -68.630  -34.903  -34.855  -34.831   14.328   14.328   17.790   18.008   18.899   24.254
   25.280   27.747   33.031   35.072   39.230
            0.825000  0.175000  0.000000
  -68.633  -34.909  -34.846  -34.815   14.399   14.444   17.507   17.793   18.917   23.779
   25.132   28.255   33.134   35.858   40.117
            0.800000  0.200000  0.000000
  -68.636  -34.916  -34.837  -34.796   14.447   14.579   17.221   17.602   18.937   23.295
   25.006   28.802   33.226   36.706   41.074
            0.775000  0.225000  0.000000
  -68.639  -34.924  -34.826  -34.777   14.458   14.732   16.940   17.457   18.957   22.807
   24.902   29.381   33.310   37.610   42.071
            0.750000  0.250000  0.000000
  -68.643  -34.931  -34.816  -34.758   14.421   14.903   16.669   17.375   18.979   22.320
   24.818   29.989   33.389   38.566   43.066
            0.725000  0.275000  0.000000
  -68.646  -34.939  -34.805  -34.738   14.333   15.092   16.414   17.361   19.000   21.837
   24.752   30.620   33.466   39.573   43.984
            0.700000  0.300000  0.000000
  -68.650  -34.946  -34.795  -34.719   14.204   15.299   16.177   17.408   19.021   21.363
   24.701   31.272   33.542   40.628   44.669
            0.675000  0.325000  0.000000
  -68.653  -34.953  -34.785  -34.700   14.049   15.523   15.962   17.501   19.041   20.899
   24.663   31.940   33.618   41.729   44.208
            0.650000  0.350000  0.000000
  -68.656  -34.959  -34.776  -34.683   13.885   15.763   15.771   17.622   19.059   20.448
   24.635   32.621   33.694   42.872   43.281
            0.625000  0.375000  0.000000
  -68.659  -34.965  -34.768  -34.668   13.726   15.606   16.016   17.753   19.076   20.014
   24.615   33.309   33.768   42.383   44.053
            0.600000  0.400000  0.000000
  -68.661  -34.970  -34.761  -34.655   13.584   15.469   16.280   17.880   19.090   19.601
   24.602   33.837   33.995   41.524   43.796
            0.575000  0.425000  0.000000
  -68.663  -34.974  -34.756  -34.645   13.466   15.361   16.546   17.991   19.101   19.218
   24.593   33.898   34.663   40.722   43.380
            0.550000  0.450000  0.000000
  -68.664  -34.977  -34.752  -34.637   13.378   15.284   16.798   18.077   18.883   19.110
   24.587   33.946   35.276   40.013   43.059
            0.525000  0.475000  0.000000
  -68.665  -34.979  -34.749  -34.632   13.324   15.237   16.999   18.131   18.630   19.115
   24.584   33.977   35.753   39.478   42.859
            0.500000  0.500000  0.000000
  -68.665  -34.979  -34.748  -34.631   13.306   15.221   17.082   18.150   18.531   19.117
   24.583   33.988   35.946   39.266   42.790
            0.475000  0.475000  0.000000
  -68.666  -34.977  -34.748  -34.631   13.287   15.228   17.020   18.149   18.528   19.095
   24.705   34.018   35.992   39.268   42.785
            0.450000  0.450000  0.000000
  -68.667  -34.971  -34.746  -34.631   13.228   15.248   16.854   18.145   18.521   19.033
   25.055   34.110   36.127   39.276   42.771
            0.425000  0.425000  0.000000
  -68.669  -34.961  -34.742  -34.631   13.119   15.280   16.633   18.133   18.510   18.932
   25.596   34.262   36.348   39.289   42.750
            0.400000  0.400000  0.000000
  -68.671  -34.947  -34.737  -34.631   12.951   15.325   16.409   18.114   18.495   18.798
   26.287   34.472   36.652   39.308   42.729
            0.375000  0.375000  0.000000
  -68.674  -34.929  -34.731  -34.631   12.714   15.380   16.222   18.090   18.477   18.634
   27.091   34.738   37.032   39.332   42.712
            0.350000  0.350000  0.000000
  -68.678  -34.909  -34.724  -34.631   12.412   15.446   16.095   18.062   18.449   18.458
   27.980   35.056   37.482   39.361   42.706
            0.325000  0.325000  0.000000
  -68.682  -34.886  -34.717  -34.631   12.057   15.521   16.030   18.034   18.248   18.437
   28.932   35.424   37.995   39.396   42.717
            0.300000  0.300000  0.000000
  -68.687  -34.861  -34.708  -34.631   11.668   15.603   16.017   18.008   18.037   18.417
   29.933   35.835   38.564   39.437   42.754
            0.275000  0.275000  0.000000
  -68.691  -34.834  -34.699  -34.631   11.265   15.690   16.041   17.823   17.989   18.397
   30.968   36.286   39.184   39.484   42.822
            0.250000  0.250000  0.000000
  -68.696  -34.807  -34.690  -34.631   10.862   15.781   16.089   17.610   17.979   18.378
   32.026   36.768   39.536   39.847   42.929
            0.225000  0.225000  0.000000
  -68.701  -34.780  -34.681  -34.631   10.474   15.872   16.148   17.405   17.982   18.361
   33.095   37.272   39.593   40.549   43.083
            0.200000  0.200000  0.000000
  -68.705  -34.753  -34.672  -34.631   10.109   15.963   16.209   17.210   17.998   18.347
   34.162   37.785   39.654   41.284   43.292
            0.175000  0.175000  0.000000
  -68.710  -34.728  -34.663  -34.631    9.774   16.051   16.263   17.030   18.029   18.335
   35.215   38.292   39.719   42.048   43.563
            0.150000  0.150000  0.000000
  -68.714  -34.704  -34.655  -34.631    9.476   16.132   16.307   16.868   18.073   18.324
   36.234   38.770   39.785   42.838   43.906
            0.125000  0.125000  0.000000
  -68.718  -34.683  -34.648  -34.631    9.218   16.206   16.340   16.727   18.124   18.317
   37.201   39.193   39.850   43.649   44.315
            0.100000  0.100000  0.000000
  -68.721  -34.665  -34.642  -34.631    9.003   16.270   16.363   16.608   18.177   18.311
   38.088   39.534   39.911   44.375   44.477
            0.075000  0.075000  0.000000
  -68.723  -34.650  -34.638  -34.631    8.834   16.322   16.377   16.514   18.227   18.306
   38.863   39.780   39.964   44.584   45.321
            0.050000  0.050000  0.000000
  -68.725  -34.640  -34.634  -34.631    8.712   16.360   16.385   16.446   18.266   18.303
   39.484   39.936   40.006   44.899   45.629
            0.025000  0.025000  0.000000
  -68.726  -34.633  -34.632  -34.631    8.638   16.383   16.390   16.405   18.292   18.302
   39.896   40.017   40.033   45.219   45.456
            0.000000  0.000000  0.000000
  -68.727  -34.631  -34.631  -34.631    8.613   16.391   16.391   16.391   18.301   18.301
   40.042   40.042   40.042   45.367   45.367
            0.025000  0.025000  0.025000
  -68.726  -34.635  -34.632  -34.632    8.650   16.382   16.382   16.415   18.295   18.295
   39.890   39.890   40.075   45.326   45.326
            0.050000  0.050000  0.050000
  -68.724  -34.646  -34.633  -34.633    8.761   16.356   16.356   16.487   18.278   18.278
   39.450   39.450   40.175   45.284   45.288
            0.075000  0.075000  0.075000
  -68.722  -34.663  -34.634  -34.634    8.943   16.311   16.311   16.605   18.254   18.254
   38.774   38.774   40.341   43.880   45.382
            0.100000  0.100000  0.100000
  -68.718  -34.685  -34.637  -34.637    9.194   16.246   16.246   16.769   18.228   18.229
   37.939   37.939   40.572   42.451   45.648
            0.125000  0.125000  0.125000
  -68.714  -34.712  -34.641  -34.641    9.512   16.160   16.160   16.976   18.208   18.208
   37.015   37.015   40.871   41.016   46.069
            0.150000  0.150000  0.150000
  -68.709  -34.742  -34.645  -34.645    9.890   16.055   16.055   17.224   18.197   18.197
   36.052   36.052   39.592   41.235   46.592
            0.175000  0.175000  0.175000
  -68.703  -34.774  -34.650  -34.650   10.323   15.934   15.934   17.510   18.197   18.197
   35.081   35.081   38.192   41.666   47.110
            0.200000  0.200000  0.200000
  -68.697  -34.805  -34.657  -34.657   10.804   15.801   15.801   17.832   18.210   18.210
   34.122   34.122   36.829   42.162   47.495
            0.225000  0.225000  0.225000
  -68.692  -34.833  -34.664  -34.664   11.323   15.664   15.664   18.187   18.234   18.234
   33.186   33.187   35.514   42.725   47.806
            0.250000  0.250000  0.250000
  -68.686  -34.859  -34.673  -34.673   11.870   15.528   15.528   18.266   18.266   18.574
   32.282   32.282   34.258   43.355   48.121
            0.275000  0.275000  0.275000
  -68.681  -34.880  -34.683  -34.683   12.428   15.399   15.399   18.304   18.304   18.995
   31.413   31.413   33.072   44.050   48.467
            0.300000  0.300000  0.300000
  -68.676  -34.895  -34.693  -34.693   12.982   15.282   15.282   18.346   18.346   19.453
   30.583   30.583   31.967   44.811   48.854
            0.325000  0.325000  0.325000
  -68.672  -34.904  -34.705  -34.705   13.509   15.181   15.181   18.389   18.389   19.957
   29.794   29.794   30.953   45.638   49.289
            0.350000  0.350000  0.350000
  -68.669  -34.906  -34.717  -34.717   13.986   15.098   15.098   18.430   18.430   20.519
   29.046   29.046   30.040   46.531   49.774
            0.375000  0.375000  0.375000
  -68.666  -34.902  -34.731  -34.731   14.388   15.035   15.035   18.469   18.469   21.152
   28.341   28.341   29.237   47.490   50.312
            0.400000  0.400000  0.400000
  -68.664  -34.891  -34.744  -34.744   14.698   14.992   14.992   18.503   18.503   21.868
   27.680   27.680   28.547   48.515   50.902
            0.425000  0.425000  0.425000
  -68.663  -34.874  -34.759  -34.759   14.906   14.969   14.969   18.532   18.532   22.674
   27.063   27.063   27.975   49.606   51.543
            0.450000  0.450000  0.450000
  -68.662  -34.853  -34.773  -34.773   14.964   14.964   15.016   18.554   18.554   23.569
   26.492   26.492   27.519   50.762   52.227
            0.475000  0.475000  0.475000
  -68.662  -34.828  -34.787  -34.787   14.976   14.976   15.041   18.568   18.568   24.535
   25.969   25.969   27.186   51.983   52.927
            0.500000  0.500000  0.500000
  -68.662  -34.801  -34.801  -34.801   15.002   15.002   15.002   18.573   18.573   25.498
   25.498   25.498   27.031   53.269   53.269
            0.475000  0.475000  0.525000
  -68.662  -34.815  -34.815  -34.774   14.924   15.038   15.038   18.568   18.568   25.082
   25.082   26.113   27.379   51.975   51.975
            0.450000  0.450000  0.550000
  -68.662  -34.827  -34.827  -34.747   14.830   15.080   15.080   18.550   18.550   24.724
   24.724   26.188   28.401   50.450   50.450
            0.425000  0.425000  0.575000
  -68.662  -34.839  -34.839  -34.723   14.743   15.123   15.123   18.519   18.519   24.430
   24.430   26.139   29.662   48.916   48.916
            0.400000  0.400000  0.600000
  -68.661  -34.849  -34.849  -34.703   14.681   15.163   15.163   18.475   18.475   24.203
   24.203   26.088   31.024   47.407   47.407
            0.375000  0.375000  0.625000
  -68.660  -34.859  -34.859  -34.688   14.658   15.194   15.194   18.422   18.422   24.045
   24.045   26.052   32.455   45.935   45.935
            0.350000  0.350000  0.650000
  -68.659  -34.867  -34.867  -34.678   14.685   15.209   15.209   18.364   18.364   23.955
   23.955   26.032   33.938   44.510   44.510
            0.325000  0.325000  0.675000
  -68.657  -34.873  -34.873  -34.675   14.771   15.202   15.202   18.310   18.310   23.931
   23.931   26.027   35.459   43.138   43.138
            0.300000  0.300000  0.700000
  -68.655  -34.879  -34.879  -34.677   14.918   15.168   15.168   18.269   18.269   23.966
   23.966   26.033   36.999   41.823   41.823
            0.275000  0.275000  0.725000
  -68.652  -34.882  -34.882  -34.686   15.105   15.105   15.130   18.248   18.248   24.055
   24.055   26.048   38.521   40.567   40.567
            0.250000  0.250000  0.750000
  -68.649  -34.885  -34.885  -34.701   15.013   15.013   15.404   18.253   18.253   24.189
   24.189   26.068   39.375   39.375   39.936
            0.225000  0.225000  0.775000
  -68.645  -34.887  -34.887  -34.720   14.897   14.897   15.735   18.285   18.285   24.360
   24.360   26.090   38.248   38.248   41.017
            0.200000  0.200000  0.800000
  -68.641  -34.888  -34.888  -34.742   14.765   14.765   16.117   18.340   18.340   24.562
   24.562   26.112   37.192   37.192   41.336
            0.175000  0.175000  0.825000
  -68.637  -34.888  -34.888  -34.766   14.624   14.624   16.539   18.413   18.413   24.787
   24.787   26.130   36.212   36.212   40.841
            0.150000  0.150000  0.850000
  -68.633  -34.887  -34.887  -34.792   14.484   14.484   16.986   18.496   18.496   25.027
   25.027   26.142   35.313   35.313   39.990
            0.125000  0.125000  0.875000
  -68.630  -34.886  -34.886  -34.816   14.352   14.352   17.438   18.584   18.584   25.273
   25.273   26.145   34.506   34.506   39.081
            0.100000  0.100000  0.900000
  -68.627  -34.885  -34.885  -34.838   14.235   14.235   17.873   18.667   18.667   25.514
   25.514   26.138   33.801   33.801   38.237
            0.075000  0.075000  0.925000
  -68.624  -34.884  -34.884  -34.857   14.139   14.139   18.261   18.739   18.739   25.736
   25.736   26.123   33.217   33.217   37.523
            0.050000  0.050000  0.950000
  -68.622  -34.883  -34.883  -34.871   14.068   14.068   18.571   18.795   18.795   25.918
   25.918   26.105   32.773   32.773   36.981
            0.025000  0.025000  0.975000
  -68.621  -34.883  -34.883  -34.880   14.024   14.024   18.773   18.831   18.831   26.040
   26.040   26.089   32.494   32.494   36.643
            0.000000  0.000000  1.000000
  -68.620  -34.883  -34.883  -34.883   14.009   14.009   18.843   18.843   18.843   26.083
   26.083   26.083   32.398   32.398   36.528
